-1 0.000000 0.000000 0.000000 0.000000 
0 10.000000 0.000000 6723.094727 0.000000 
1 8.660254 5.000000 5822.370605 3361.547363 
2 5.000000 8.660254 3361.547119 5822.370605 
3 -0.000000 10.000000 -0.000294 6723.094727 
4 -5.000000 8.660254 -3361.547607 5822.370605 
5 -8.660254 5.000000 -5822.371094 3361.546875 
6 -10.000000 -0.000001 -6723.094727 -0.000588 
7 -8.660254 -5.000001 -5822.370117 -3361.547852 
8 -4.999999 -8.660254 -3361.546631 -5822.371094 
9 0.000001 -10.000000 0.000882 -6723.094727 
10 5.000001 -8.660254 3361.548096 -5822.370117 
11 8.660254 -4.999999 5822.371094 -3361.546387 
12 20.000000 0.000000 4753.945801 0.000000 
13 18.793852 6.840403 4467.247559 1625.945190 
14 15.320889 12.855752 3641.733887 3055.777344 
15 10.000001 17.320507 2376.972900 4117.037598 
16 3.472964 19.696156 825.514221 4681.722656 
17 -3.472963 19.696156 -825.513794 4681.722656 
18 -9.999999 17.320509 -2376.972656 4117.038086 
19 -15.320888 12.855753 -3641.733398 3055.777588 
20 -18.793852 6.840405 -4467.247559 1625.945557 
21 -20.000000 0.000002 -4753.945801 0.000434 
22 -18.793854 -6.840401 -4467.248047 -1625.944702 
23 -15.320890 -12.855750 -3641.734131 -3055.777100 
24 -10.000002 -17.320507 -2376.973389 -4117.037598 
25 -3.472966 -19.696156 -825.514648 -4681.722656 
26 3.472961 -19.696156 825.513367 -4681.722656 
27 9.999997 -17.320509 2376.972168 -4117.038086 
28 15.320887 -12.855755 3641.733154 -3055.778076 
29 18.793852 -6.840406 4467.247559 -1625.945923 
30 30.000000 0.000000 3881.580322 0.000000 
31 28.977776 7.764572 3749.318848 1004.626953 
32 25.980762 15.000000 3361.547119 1940.790283 
33 21.213203 21.213203 2744.691895 2744.691895 
34 14.999999 25.980762 1940.790161 3361.547363 
35 7.764570 28.977776 1004.626831 3749.318848 
36 -0.000001 30.000000 -0.000170 3881.580322 
37 -7.764573 28.977774 -1004.627136 3749.318848 
38 -15.000002 25.980761 -1940.790405 3361.547119 
39 -21.213205 21.213202 -2744.692139 2744.691650 
40 -25.980762 14.999998 -3361.547363 1940.789917 
41 -28.977776 7.764569 -3749.318848 1004.626648 
42 -30.000000 -0.000003 -3881.580322 -0.000339 
43 -28.977774 -7.764574 -3749.318604 -1004.627319 
44 -25.980761 -15.000003 -3361.547119 -1940.790527 
45 -21.213202 -21.213205 -2744.691650 -2744.692139 
46 -14.999997 -25.980764 -1940.789795 -3361.547607 
47 -7.764568 -28.977776 -1004.626465 -3749.318848 
48 0.000004 -30.000000 0.000509 -3881.580322 
49 7.764575 -28.977774 1004.627441 -3749.318604 
50 15.000004 -25.980761 1940.790649 -3361.546875 
51 21.213207 -21.213200 2744.692383 -2744.691406 
52 25.980764 -14.999996 3361.547607 -1940.789673 
53 28.977776 -7.764566 3749.318848 -1004.626343 
54 40.000000 0.000000 3361.547363 0.000000 
55 39.125904 8.316468 3288.089355 698.904968 
56 36.541817 16.269466 3070.926270 1367.264526 
57 32.360680 23.511410 2719.548828 1975.867920 
58 26.765224 29.725794 2249.314209 2498.116455 
59 19.999998 34.641018 1680.773560 2911.185303 
60 12.360679 38.042259 1038.775146 3197.021484 
61 4.181137 39.780876 351.377228 3343.132324 
62 -4.181140 39.780876 -351.377533 3343.132324 
63 -12.360682 38.042259 -1038.775391 3197.021484 
64 -20.000002 34.641014 -1680.773804 2911.185303 
65 -26.765226 29.725792 -2249.314209 2498.116211 
66 -32.360680 23.511408 -2719.549072 1975.867676 
67 -36.541821 16.269463 -3070.926270 1367.264160 
68 -39.125904 8.316464 -3288.089355 698.904724 
69 -40.000000 -0.000003 -3361.547363 -0.000294 
70 -39.125904 -8.316471 -3288.089355 -698.905273 
71 -36.541817 -16.269470 -3070.926025 -1367.264771 
72 -32.360676 -23.511414 -2719.548584 -1975.868164 
73 -26.765221 -29.725796 -2249.313965 -2498.116699 
74 -19.999996 -34.641018 -1680.773315 -2911.185547 
75 -12.360675 -38.042263 -1038.774780 -3197.021484 
76 -4.181133 -39.780876 -351.376953 -3343.132324 
77 4.181144 -39.780876 351.377808 -3343.132324 
78 12.360685 -38.042259 1038.775635 -3197.021240 
79 20.000006 -34.641014 1680.774048 -2911.185059 
80 26.765228 -29.725788 2249.314453 -2498.116211 
81 32.360683 -23.511406 2719.549072 -1975.867432 
82 36.541821 -16.269461 3070.926514 -1367.263916 
83 39.125904 -8.316461 3288.089600 -698.904419 
84 50.000000 0.000000 3006.659180 0.000000 
85 49.240387 8.682408 2960.981445 522.100891 
86 46.984631 17.101007 2825.335449 1028.338013 
87 43.301270 25.000000 2603.843262 1503.329590 
88 38.302223 32.139381 2303.234619 1932.643311 
89 32.139381 38.302223 1932.643433 2303.234619 
90 25.000002 43.301270 1503.329712 2603.843262 
91 17.101009 46.984631 1028.338135 2825.335449 
92 8.682411 49.240387 522.101013 2960.981445 
93 0.000002 50.000000 0.000137 3006.659180 
94 -8.682406 49.240387 -522.100769 2960.981445 
95 -17.101004 46.984631 -1028.337891 2825.335693 
96 -24.999998 43.301273 -1503.329468 2603.843506 
97 -32.139378 38.302223 -1932.643188 2303.234863 
98 -38.302219 32.139381 -2303.234375 1932.643433 
99 -43.301270 25.000004 -2603.843262 1503.329834 
100 -46.984631 17.101011 -2825.335449 1028.338257 
101 -49.240387 8.682413 -2960.981201 522.101135 
102 -50.000000 0.000005 -3006.659180 0.000275 
103 -49.240387 -8.682405 -2960.981445 -522.100647 
104 -46.984634 -17.101002 -2825.335693 -1028.337769 
105 -43.301273 -24.999996 -2603.843506 -1503.329346 
106 -38.302227 -32.139378 -2303.234863 -1932.643066 
107 -32.139385 -38.302219 -1932.643555 -2303.234375 
108 -25.000006 -43.301266 -1503.329956 -2603.843018 
109 -17.101013 -46.984631 -1028.338379 -2825.335449 
110 -8.682415 -49.240387 -522.101318 -2960.981201 
111 -0.000007 -50.000000 -0.000412 -3006.659180 
112 8.682402 -49.240391 522.100464 -2960.981445 
113 17.101000 -46.984634 1028.337646 -2825.335693 
114 24.999994 -43.301273 1503.329224 -2603.843506 
115 32.139374 -38.302227 1932.642944 -2303.234863 
116 38.302216 -32.139385 2303.234375 -1932.643677 
117 43.301266 -25.000008 2603.843018 -1503.330078 
118 46.984627 -17.101015 2825.335449 -1028.338501 
119 49.240387 -8.682418 2960.981201 -522.101440 
