-1 0.000000 0.000000 0.000000 0.000000 
0 10.000000 0.000000 6723.094727 0.000000 
1 8.660254 5.000000 5822.370605 3361.547363 
2 5.000000 8.660254 3361.547119 5822.370605 
3 -0.000000 10.000000 -0.000294 6723.094727 
4 -5.000000 8.660254 -3361.547607 5822.370605 
5 -8.660254 5.000000 -5822.370605 3361.547607 
6 -10.000000 -0.000001 -6723.094727 -0.000588 
7 -8.660253 -5.000002 -5822.370117 -3361.548584 
8 -4.999999 -8.660254 -3361.546631 -5822.371094 
9 0.000000 -10.000000 0.000080 -6723.094727 
10 4.999999 -8.660254 3361.546631 -5822.371094 
11 8.660255 -4.999998 5822.371582 -3361.545654 
12 20.000000 0.000000 4753.945801 0.000000 
13 18.793852 6.840403 4467.247559 1625.945190 
14 15.320889 12.855752 3641.733887 3055.777344 
15 9.999999 17.320509 2376.972656 4117.037598 
16 3.472964 19.696156 825.514221 4681.722656 
17 -3.472961 19.696156 -825.513489 4681.722656 
18 -10.000001 17.320507 -2376.973145 4117.037598 
19 -15.320889 12.855752 -3641.733643 3055.777344 
20 -18.793852 6.840405 -4467.247559 1625.945557 
21 -20.000000 0.000003 -4753.945801 0.000718 
22 -18.793854 -6.840399 -4467.248047 -1625.944214 
23 -15.320889 -12.855751 -3641.733887 -3055.777344 
24 -9.999998 -17.320509 -2376.972412 -4117.038086 
25 -3.472963 -19.696156 -825.513794 -4681.722656 
26 3.472963 -19.696156 825.513916 -4681.722656 
27 9.999998 -17.320509 2376.972412 -4117.038086 
28 15.320887 -12.855755 3641.733154 -3055.778076 
29 18.793850 -6.840407 4467.247559 -1625.946289 
30 30.000000 0.000000 3881.580566 0.000000 
31 28.977776 7.764572 3749.318848 1004.626953 
32 25.980762 15.000000 3361.547363 1940.790283 
33 21.213203 21.213203 2744.691895 2744.691895 
34 14.999999 25.980762 1940.790161 3361.547363 
35 7.764572 28.977774 1004.627014 3749.318848 
36 -0.000001 30.000000 -0.000170 3881.580566 
37 -7.764575 28.977774 -1004.627380 3749.318604 
38 -15.000002 25.980761 -1940.790405 3361.547119 
39 -21.213203 21.213203 -2744.691895 2744.691895 
40 -25.980761 15.000001 -3361.547119 1940.790405 
41 -28.977776 7.764567 -3749.319092 1004.626404 
42 -30.000000 -0.000003 -3881.580566 -0.000339 
43 -28.977774 -7.764572 -3749.318848 -1004.627075 
44 -25.980759 -15.000006 -3361.546875 -1940.791016 
45 -21.213200 -21.213207 -2744.691406 -2744.692383 
46 -14.999997 -25.980764 -1940.789795 -3361.547607 
47 -7.764569 -28.977776 -1004.626709 -3749.318848 
48 0.000000 -30.000000 0.000046 -3881.580566 
49 7.764570 -28.977776 1004.626831 -3749.318848 
50 14.999997 -25.980764 1940.789917 -3361.547363 
51 21.213211 -21.213196 2744.692871 -2744.690918 
52 25.980766 -14.999992 3361.547852 -1940.789307 
53 28.977777 -7.764565 3749.319092 -1004.626099 
54 40.000000 0.000000 3361.547363 0.000000 
55 39.125904 8.316468 3288.089355 698.904968 
56 36.541817 16.269466 3070.926270 1367.264526 
57 32.360680 23.511410 2719.548828 1975.867920 
58 26.765224 29.725794 2249.314209 2498.116455 
59 19.999998 34.641018 1680.773560 2911.185303 
60 12.360679 38.042259 1038.775146 3197.021484 
61 4.181137 39.780876 351.377228 3343.132324 
62 -4.181140 39.780876 -351.377533 3343.132324 
63 -12.360682 38.042259 -1038.775391 3197.021484 
64 -20.000002 34.641014 -1680.773804 2911.185303 
65 -26.765226 29.725792 -2249.314209 2498.116211 
66 -32.360680 23.511408 -2719.549072 1975.867676 
67 -36.541821 16.269463 -3070.926270 1367.264160 
68 -39.125904 8.316464 -3288.089355 698.904724 
69 -40.000000 -0.000003 -3361.547363 -0.000294 
70 -39.125904 -8.316471 -3288.089355 -698.905273 
71 -36.541817 -16.269470 -3070.926025 -1367.264771 
72 -32.360676 -23.511414 -2719.548584 -1975.868164 
73 -26.765221 -29.725796 -2249.313965 -2498.116699 
74 -19.999996 -34.641018 -1680.773315 -2911.185547 
75 -12.360684 -38.042259 -1038.775635 -3197.021240 
76 -4.181133 -39.780876 -351.376953 -3343.132324 
77 4.181153 -39.780876 351.378601 -3343.132324 
78 12.360685 -38.042259 1038.775635 -3197.021240 
79 19.999996 -34.641018 1680.773315 -2911.185547 
80 26.765228 -29.725788 2249.314453 -2498.116211 
81 32.360687 -23.511396 2719.549561 -1975.866821 
82 36.541821 -16.269461 3070.926514 -1367.263916 
83 39.125904 -8.316470 3288.089355 -698.905212 
84 50.000000 0.000000 3006.659180 0.000000 
85 49.240387 8.682408 2960.981445 522.100891 
86 46.984631 17.101007 2825.335449 1028.338013 
87 43.301270 25.000000 2603.843262 1503.329712 
88 38.302223 32.139381 2303.234619 1932.643311 
89 32.139381 38.302219 1932.643433 2303.234619 
90 24.999998 43.301270 1503.329590 2603.843262 
91 17.101007 46.984631 1028.338013 2825.335449 
92 8.682411 49.240387 522.101013 2960.981445 
93 0.000004 50.000000 0.000227 3006.659180 
94 -8.682404 49.240387 -522.100586 2960.981445 
95 -17.101006 46.984631 -1028.338013 2825.335449 
96 -25.000002 43.301270 -1503.329834 2603.843262 
97 -32.139381 38.302223 -1932.643433 2303.234619 
98 -38.302223 32.139381 -2303.234619 1932.643311 
99 -43.301270 25.000002 -2603.843262 1503.329712 
100 -46.984631 17.101011 -2825.335449 1028.338257 
101 -49.240387 8.682415 -2960.981201 522.101257 
102 -50.000000 0.000008 -3006.659180 0.000454 
103 -49.240391 -8.682400 -2960.981445 -522.100342 
104 -46.984634 -17.100996 -2825.335693 -1028.337402 
105 -43.301270 -25.000000 -2603.843262 -1503.329590 
106 -38.302223 -32.139378 -2303.234619 -1932.643188 
107 -32.139393 -38.302212 -1932.644043 -2303.233887 
108 -24.999994 -43.301273 -1503.329346 -2603.843506 
109 -17.101004 -46.984631 -1028.337769 -2825.335693 
110 -8.682406 -49.240387 -522.100769 -2960.981445 
111 0.000001 -50.000000 0.000036 -3006.659180 
112 8.682407 -49.240387 522.100830 -2960.981445 
113 17.101004 -46.984631 1028.337891 -2825.335693 
114 24.999996 -43.301273 1503.329346 -2603.843506 
115 32.139374 -38.302227 1932.643066 -2303.234863 
116 38.302216 -32.139385 2303.234375 -1932.643677 
117 43.301266 -25.000008 2603.843018 -1503.330200 
118 46.984627 -17.101019 2825.335205 -1028.338745 
119 49.240387 -8.682422 2960.981201 -522.101685 
