-1 917.615295 713.200623 204.394485 153.295868
0 859.512451 512.763184 204.394485 153.362686
1 858.236877 517.710815 204.427887 153.353729
2 854.689575 521.303711 204.452148 153.329269
3 849.578796 522.544861 204.461304 153.295868
4 844.523499 521.126465 204.452347 153.262466
5 840.838074 517.399292 204.427887 153.238007
6 839.324341 512.397156 204.394485 153.229050
7 840.607361 507.399292 204.361084 153.238007
8 844.266235 503.806122 204.336624 153.262466
9 849.267578 502.543182 204.327667 153.295868
10 854.321594 503.983185 204.336624 153.329269
11 858.117493 507.711060 204.361084 153.353729
12 869.511719 512.664551 204.394485 153.343109
13 868.316406 519.504456 204.410645 153.340256
14 864.885742 525.499207 204.424850 153.332062
15 859.565308 529.963135 204.435394 153.319489
16 853.038757 532.264221 204.441010 153.304077
17 846.051758 532.223511 204.441010 153.287659
18 839.511719 529.835815 204.435394 153.272247
19 834.178650 525.321350 204.424850 153.259674
20 830.660034 519.260315 204.410645 153.251480
21 829.337952 512.420410 204.394485 153.248627
22 830.531555 505.580505 204.378326 153.251480
23 833.960632 499.609985 204.364120 153.259674
24 839.279602 495.197449 204.353577 153.272247
25 845.806335 492.825226 204.347961 153.287659
26 852.794678 492.860138 204.347961 153.304077
27 859.332336 495.319519 204.353577 153.319489
28 864.768494 499.787689 204.364120 153.332062
29 868.294373 505.824615 204.378326 153.340256
30 879.511719 512.653442 204.394485 153.334442
31 878.489502 520.408020 204.404465 153.333130
32 875.502991 527.643433 204.413773 153.329269
33 870.735657 533.856628 204.421768 153.323151
34 864.523193 538.609070 204.427887 153.315155
35 857.288391 541.571716 204.431564 153.305847
36 849.523315 542.549133 204.433060 153.295868
37 841.748596 541.507874 204.431747 153.285889
38 834.511719 538.494324 204.427887 153.276581
39 828.296509 533.713440 204.421768 153.268585
40 823.516113 527.465271 204.413773 153.262466
41 820.474854 520.202820 204.404465 153.258606
42 819.439697 512.437134 204.394485 153.257294
43 820.359314 504.671417 204.384506 153.258606
44 823.345520 497.465424 204.375198 153.262466
45 828.110535 491.296570 204.367203 153.268585
46 834.323242 486.540588 204.361084 153.276581
47 841.558044 483.543610 204.357224 153.285889
48 849.322021 482.544647 204.355911 153.295868
49 857.097168 483.607666 204.357224 153.305847
50 864.332275 486.651428 204.361084 153.315155
51 870.661560 491.430237 204.367203 153.323151
52 875.440186 497.643463 204.375198 153.329269
53 878.479126 504.878876 204.384506 153.333130
54 889.511719 512.643433 204.394485 153.329269
55 888.637573 520.959900 204.401428 153.328537
56 886.053589 528.912903 204.408066 153.326385
57 881.872437 536.154846 204.414124 153.322891
58 876.287415 542.369202 204.419312 153.318222
59 869.522461 547.269165 204.423416 153.312576
60 861.883484 550.637573 204.426254 153.305618
61 853.693848 552.357849 204.427704 153.299362
62 845.331909 552.316162 204.427704 153.292374
63 837.151062 550.575012 204.426254 153.285538
64 829.511719 547.152039 204.423416 153.279160
65 822.744263 542.238220 204.419312 153.273514
66 817.135681 536.010742 204.414124 153.268845
67 812.912476 528.771484 204.408066 153.265350
68 810.325500 520.782776 204.401428 153.263199
69 809.438171 512.467529 204.394485 153.262466
70 810.215149 504.149933 204.387543 153.263199
71 812.796204 496.239929 204.380905 153.265350
72 816.966370 488.998535 204.374847 153.268845
73 822.561218 482.791260 204.369659 153.273514
74 829.325562 477.880341 204.365555 153.279160
75 836.963989 474.479187 204.362717 153.285538
76 845.142517 472.759369 204.361267 153.292374
77 853.514160 472.772308 204.361267 153.299362
78 861.693359 474.541840 204.362717 153.306198
79 869.447876 477.991821 204.365555 153.312576
80 876.214233 482.913330 204.369659 153.318222
81 881.820618 489.132050 204.374847 153.322891
82 886.043823 496.373962 204.380905 153.326385
83 888.628113 504.326965 204.387543 153.328537
84 899.511719 512.643433 204.394485 153.325745
85 898.752075 521.325806 204.399673 153.325287
86 896.496338 529.744446 204.404709 153.323944
87 892.812988 537.643188 204.409424 153.321747
88 887.813965 544.782776 204.413696 153.318756
89 881.651123 550.930359 204.417374 153.315079
90 874.511841 555.929443 204.420364 153.310806
91 866.613220 559.581299 204.422012 153.305878
92 858.194946 561.821533 204.423904 153.301056
93 849.511719 562.552063 204.424362 153.295868
94 840.829346 561.777100 204.423904 153.290680
95 832.410706 559.520020 204.422562 153.285645
96 824.509521 555.809692 204.420364 153.280930
97 817.369873 550.812134 204.417374 153.276657
98 811.196289 544.651123 204.413696 153.272980
99 806.194214 537.498779 204.409424 153.269989
100 802.468628 529.602722 204.404709 153.267792
101 800.209778 521.187256 204.399673 153.266449
102 799.439392 512.508057 204.394485 153.265991
103 800.196228 503.826447 204.389297 153.266449
104 802.357483 495.408478 204.384262 153.267792
105 806.037720 487.510040 204.379547 153.269989
106 811.036011 480.377472 204.375275 153.272980
107 817.198059 474.219055 204.371597 153.276657
108 824.326172 469.220093 204.368607 153.280930
109 832.224182 465.537140 204.366409 153.285645
110 840.652222 463.301453 204.365067 153.290680
111 849.333557 462.546051 204.364609 153.295868
112 858.015686 463.311035 204.365067 153.301056
113 866.432861 465.598175 204.366409 153.306091
114 874.448669 469.331940 204.368607 153.310806
115 881.589233 474.330872 204.371597 153.315079
116 887.762634 480.499542 204.375275 153.318756
117 892.762146 487.639465 204.379547 153.321747
118 896.487488 495.542419 204.384262 153.323944
119 898.743408 503.961029 204.389297 153.325287
