-1 508.801819 406.580994 204.394485 153.295868
-1 508.801819 406.580994 204.394485 153.295868
0 484.756592 305.701630 204.394485 153.362686
1 483.476349 310.681274 204.427887 153.353729
2 479.816895 314.302979 204.452148 153.329269
3 474.816895 315.602051 204.461304 153.295868
4 469.767639 314.220001 204.452347 153.262466
5 466.082214 310.520630 204.427887 153.238007
6 464.682831 305.518524 204.394485 153.229050
7 465.973541 300.520630 204.361084 153.238007
8 469.632446 296.896942 204.336624 153.262466
9 474.633789 295.603485 204.327667 153.295868
10 479.682526 296.982452 204.336624 153.329269
11 483.366302 300.679810 204.361084 153.353729
12 494.755859 305.663788 204.394485 153.343109
13 493.560516 312.503693 204.410645 153.340256
14 490.126343 318.498474 204.424850 153.332062
15 484.804993 322.962402 204.435394 153.319489
16 478.277435 325.318573 204.441010 153.304077
17 471.295898 325.277832 204.441010 153.287659
18 464.755859 322.901367 204.435394 153.272247
19 459.422791 318.416107 204.424850 153.259674
20 455.913300 312.381653 204.410645 153.251480
21 454.694824 305.541748 204.394485 153.248627
22 455.888641 298.701843 204.378326 153.251480
23 459.326843 292.700806 204.364120 153.259674
24 464.645782 288.257751 204.353577 153.272247
25 471.172546 285.885529 204.347961 153.287659
26 478.155365 285.920441 204.347961 153.304077
27 484.694092 288.318787 204.353577 153.319489
28 490.016235 292.786957 204.364120 153.332062
29 493.538544 298.823883 204.378326 153.340256
30 504.755859 305.652710 204.394485 153.334442
31 503.733643 313.407288 204.404465 153.333130
32 500.747131 320.642700 204.413773 153.329269
33 495.979767 326.855896 204.421768 153.323151
34 489.767334 331.608337 204.427887 153.315155
35 482.532501 334.601532 204.431564 153.305847
36 474.767426 335.600433 204.433060 153.295868
37 466.992737 334.559448 204.431747 153.285889
38 459.755859 331.562439 204.427887 153.276581
39 453.540649 326.780121 204.421768 153.268585
40 448.760284 320.560669 204.413773 153.262466
41 445.729797 313.324158 204.404465 153.258606
42 444.694824 305.558472 204.394485 153.257294
43 445.714722 297.792755 204.384506 153.258606
44 448.701447 290.556244 204.375198 153.262466
45 453.467194 284.356873 204.367203 153.268585
46 459.680908 279.600891 204.361084 153.276581
47 466.916901 276.603912 204.357224 153.285889
48 474.682129 275.604950 204.355911 153.295868
49 482.458557 276.637451 204.357224 153.305847
50 489.694824 279.650696 204.361084 153.315155
51 495.908325 284.429504 204.367203 153.323151
52 500.686157 290.642731 204.375198 153.329269
53 503.723297 297.878143 204.384506 153.333130
54 514.755859 305.642700 204.394485 153.329269
55 513.881714 313.959167 204.401428 153.328537
56 511.297699 321.912170 204.408066 153.326385
57 507.116547 329.154114 204.414124 153.322891
58 501.531555 335.368500 204.419312 153.318222
59 494.766602 340.268463 204.423416 153.312576
60 487.127594 343.667389 204.426254 153.305618
61 478.937988 345.406250 204.427704 153.299362
62 470.576050 345.364594 204.427704 153.292374
63 462.395203 343.623932 204.426254 153.285538
64 454.755859 340.222687 204.423416 153.279160
65 447.988403 335.307434 204.419312 153.273514
66 442.379852 329.078125 204.414124 153.268845
67 438.168671 321.836731 204.408066 153.265350
68 435.582092 313.876160 204.401428 153.263199
69 434.694916 305.558472 204.394485 153.262466
70 435.568909 297.240753 204.387543 153.263199
71 438.150391 289.300232 204.380905 153.265350
72 442.321259 282.058838 204.374847 153.268845
73 447.916962 275.851562 204.369659 153.273514
74 454.682465 270.940643 204.365555 153.279160
75 462.322083 267.539490 204.362717 153.285538
76 470.501953 265.819672 204.361267 153.292374
77 478.875000 265.832611 204.361267 153.299362
78 487.055511 267.571625 204.362717 153.306198
79 494.694824 270.991089 204.365555 153.312576
80 501.460114 275.912598 204.369659 153.318222
81 507.065582 282.131317 204.374847 153.322891
82 511.287964 289.373230 204.380905 153.326385
83 513.872253 297.326233 204.387543 153.328537
84 524.755859 305.642700 204.394485 153.325745
85 523.996216 314.325104 204.399673 153.325287
86 521.740479 322.743713 204.404709 153.323944
87 518.057129 330.642456 204.409424 153.321747
88 513.058105 337.782074 204.413696 153.318756
89 506.895264 343.929657 204.417374 153.315079
90 499.755981 348.928711 204.420364 153.310806
91 491.857330 352.611084 204.422012 153.305878
92 483.439056 354.867157 204.423904 153.301056
93 474.755859 355.597473 204.424362 153.295868
94 466.073456 354.822723 204.423904 153.290680
95 457.654846 352.566315 204.422562 153.285645
96 449.753693 348.882935 204.420364 153.280930
97 442.614014 343.883881 204.417374 153.276657
98 436.440460 337.721039 204.413696 153.272980
99 431.438354 330.566620 204.409424 153.269989
100 427.726501 322.668213 204.404709 153.267792
101 425.468018 314.250244 204.399673 153.266449
102 424.697723 305.568512 204.394485 153.265991
103 425.454437 296.886749 204.389297 153.266449
104 427.709961 288.468781 204.384262 153.267792
105 431.390778 280.570343 204.379547 153.269989
106 436.389893 273.437775 204.375275 153.272980
107 442.552979 267.279358 204.371597 153.276657
108 449.682251 262.280396 204.368607 153.280930
109 457.581543 258.597443 204.366409 153.285645
110 466.010925 256.361755 204.365067 153.290680
111 474.693665 255.606354 204.364609 153.295868
112 483.377228 256.371338 204.365067 153.301056
113 491.795807 258.627960 204.366409 153.306091
114 499.694824 262.331207 204.368607 153.310806
115 506.834198 267.330139 204.371597 153.315079
116 513.006775 273.498810 204.375275 153.318756
117 518.006287 280.638733 204.379547 153.321747
118 521.731628 288.541687 204.384262 153.323944
119 523.987549 296.960297 204.389297 153.325287
