-1 713.208557 559.880310 204.394485 153.295868
0 672.134521 409.217255 204.394485 153.362686
1 670.858948 414.166382 204.427887 153.353729
2 667.250610 417.788086 204.452148 153.329269
3 662.200867 419.056641 204.461304 153.295868
4 657.145569 417.644073 204.452347 153.262466
5 653.460144 413.944702 204.427887 153.238007
6 652.007446 408.942596 204.394485 153.229050
7 653.290466 403.944702 204.361084 153.238007
8 656.949341 400.321014 204.336624 153.262466
9 661.950684 399.058075 204.327667 153.295868
10 667.004700 400.467560 204.336624 153.329269
11 670.739563 404.164917 204.361084 153.353729
12 682.133789 409.148895 204.394485 153.343109
13 680.938477 415.988800 204.410645 153.340256
14 677.507812 421.983582 204.424850 153.332062
15 672.187378 426.447510 204.435394 153.319489
16 665.660828 428.773163 204.441010 153.304077
17 658.673828 428.732422 204.441010 153.287659
18 652.133789 426.355957 204.435394 153.272247
19 646.800720 421.840179 204.424850 153.259674
20 643.282104 415.805725 204.410645 153.251480
21 642.021057 408.965820 204.394485 153.248627
22 643.214661 402.125916 204.378326 153.251480
23 646.643738 396.124878 204.364120 153.259674
24 651.962708 391.712341 204.353577 153.272247
25 658.489441 389.340118 204.347961 153.287659
26 665.477783 389.375031 204.347961 153.304077
27 672.015442 391.803894 204.353577 153.319489
28 677.390564 396.272064 204.364120 153.332062
29 680.916443 402.308990 204.378326 153.340256
30 692.133789 409.137817 204.394485 153.334442
31 691.111572 416.892395 204.404465 153.333130
32 688.125061 424.127808 204.413773 153.329269
33 683.357727 430.341003 204.421768 153.323151
34 677.145264 435.093445 204.427887 153.315155
35 669.910461 438.056122 204.431564 153.305847
36 662.145386 439.055023 204.433060 153.295868
37 654.370667 438.014038 204.431747 153.285889
38 647.133789 435.017029 204.427887 153.276581
39 640.918579 430.234711 204.421768 153.268585
40 636.138184 423.984741 204.413773 153.262466
41 633.096924 416.748230 204.404465 153.258606
42 632.061768 408.982544 204.394485 153.257294
43 633.042419 401.216827 204.384506 153.258606
44 636.028625 393.980316 204.375198 153.262466
45 640.793640 387.811462 204.367203 153.268585
46 647.006348 383.055481 204.361084 153.276581
47 654.241150 380.058502 204.357224 153.285889
48 662.005127 379.059540 204.355911 153.295868
49 669.780273 380.092041 204.357224 153.305847
50 677.015381 383.135803 204.361084 153.315155
51 683.283630 387.914612 204.367203 153.323151
52 688.062256 394.127838 204.375198 153.329269
53 691.101196 401.363251 204.384506 153.333130
54 702.133789 409.127808 204.394485 153.329269
55 701.259644 417.444275 204.401428 153.328537
56 698.675659 425.397278 204.408066 153.326385
57 694.494507 432.639221 204.414124 153.322891
58 688.909485 438.853607 204.419312 153.318222
59 682.144531 443.753571 204.423416 153.312576
60 674.505554 447.121979 204.426254 153.305618
61 666.315918 448.860840 204.427704 153.299362
62 657.953979 448.819183 204.427704 153.292374
63 649.773132 447.078522 204.426254 153.285538
64 642.133789 443.677277 204.423416 153.279160
65 635.366333 438.762024 204.419312 153.273514
66 629.757751 432.532715 204.414124 153.268845
67 625.534546 425.291321 204.408066 153.265350
68 622.947571 417.300232 204.401428 153.263199
69 622.060242 408.982544 204.394485 153.262466
70 622.898254 400.664825 204.387543 153.263199
71 625.479309 392.754822 204.380905 153.265350
72 629.649475 385.513428 204.374847 153.268845
73 635.244324 379.306152 204.369659 153.273514
74 642.008667 374.395233 204.365555 153.279160
75 649.647095 370.994080 204.362717 153.285538
76 657.825623 369.274261 204.361267 153.292374
77 666.197266 369.287201 204.361267 153.299362
78 674.376465 371.026215 204.362717 153.306198
79 682.069946 374.476196 204.365555 153.312576
80 688.836304 379.397705 204.369659 153.318222
81 694.442688 385.616425 204.374847 153.322891
82 698.665894 392.858337 204.380905 153.326385
83 701.250183 400.811340 204.387543 153.328537
84 712.133789 409.127808 204.394485 153.325745
85 711.374146 417.810211 204.399673 153.325287
86 709.118408 426.228821 204.404709 153.323944
87 705.435059 434.127563 204.409424 153.321747
88 700.436035 441.267181 204.413696 153.318756
89 694.273193 447.414764 204.417374 153.315079
90 687.133911 452.413818 204.420364 153.310806
91 679.235291 456.065674 204.422012 153.305878
92 670.817017 458.321747 204.423904 153.301056
93 662.133789 459.052063 204.424362 153.295868
94 653.451416 458.277313 204.423904 153.290680
95 645.032776 456.020905 204.422562 153.285645
96 637.131592 452.337524 204.420364 153.280930
97 629.991943 447.338470 204.417374 153.276657
98 623.818359 441.175629 204.413696 153.272980
99 618.816284 434.021210 204.409424 153.269989
100 615.090698 426.122803 204.404709 153.267792
101 612.831848 417.704834 204.399673 153.266449
102 612.061462 409.023102 204.394485 153.265991
103 612.818298 400.341339 204.389297 153.266449
104 615.040588 391.923370 204.384262 153.267792
105 618.720825 384.024933 204.379547 153.269989
106 623.719116 376.892365 204.375275 153.272980
107 629.881165 370.733948 204.371597 153.276657
108 637.009277 365.734985 204.368607 153.280930
109 644.907288 362.052032 204.366409 153.285645
110 653.335327 359.816345 204.365067 153.290680
111 662.016663 359.060944 204.364609 153.295868
112 670.698792 359.825928 204.365067 153.301056
113 679.115967 362.082550 204.366409 153.306091
114 687.070740 365.816315 204.368607 153.310806
115 694.211304 370.815247 204.371597 153.315079
116 700.384705 376.983917 204.375275 153.318756
117 705.384216 384.123840 204.379547 153.321747
118 709.109558 392.026794 204.384262 153.323944
119 711.365479 400.445404 204.389297 153.325287
