-1 0.000000 0.000000 0.000000 0.000000
0 10.021935 0.044542 -0.000445 0.066813
1 8.701484 5.038624 0.033052 0.057640
2 5.049591 8.682188 0.057639 0.033051
3 0.044468 10.000000 0.066813 -0.000446
4 -4.972779 8.637928 0.057682 -0.033765
5 -8.657393 4.961376 0.033048 -0.058040
6 -10.022438 -0.044543 -0.000445 -0.066813
7 -8.702215 -5.038625 -0.033760 -0.058082
8 -5.049853 -8.682576 -0.058083 -0.033761
9 -0.044615 -10.000000 -0.066813 -0.000446
10 4.972344 -8.638319 -0.058040 0.033047
11 8.657393 -4.961375 -0.033764 0.057682
12 20.015259 0.031496 -0.000111 0.047244
13 18.818647 6.869967 0.016057 0.044360
14 15.353314 12.879594 0.030284 0.036124
15 10.035287 17.335766 0.040858 0.023527
16 3.506664 19.701878 0.046511 0.008098
17 -3.444672 19.690434 0.046511 -0.008310
18 -9.980926 17.305250 0.040863 -0.023717
19 -15.312339 12.831911 0.030284 -0.036258
20 -18.797667 6.810841 0.016057 -0.044428
21 -20.015259 -0.031494 -0.000111 -0.047244
22 -18.818649 -6.869965 -0.016259 -0.044428
23 -15.353315 -12.879592 -0.030452 -0.036258
24 -10.035288 -17.335766 -0.040970 -0.023717
25 -3.506821 -19.701878 -0.046541 -0.008310
26 3.444589 -19.690434 -0.046541 0.008098
27 9.980924 -17.305250 -0.040965 0.023527
28 15.312304 -12.831913 -0.030452 0.036124
29 18.797667 -6.810842 -0.016259 0.044360
30 30.013351 0.025716 -0.000050 0.038574
31 28.996849 7.789368 0.009937 0.037249
32 26.005558 15.021935 0.019246 0.033380
33 21.239906 21.232277 0.027241 0.027241
34 15.028609 25.994114 0.033380 0.019246
35 7.792704 28.983498 0.037249 0.009937
36 0.025707 30.000000 0.038574 -0.000050
37 -7.743115 28.971355 0.037249 -0.010031
38 -14.983789 25.967409 0.033384 -0.019328
39 -21.203669 21.194128 0.027241 -0.027311
40 -25.978855 14.978064 0.019246 -0.033428
41 -28.983498 7.739773 0.009937 -0.037271
42 -30.013351 -0.025719 -0.000050 -0.038574
43 -28.996847 -7.789370 -0.010031 -0.037271
44 -26.005556 -15.021937 -0.019328 -0.033432
45 -21.239904 -21.232279 -0.027311 -0.027311
46 -15.028607 -25.994116 -0.033432 -0.019328
47 -7.792701 -28.984194 -0.037271 -0.010031
48 -0.025720 -30.000000 -0.038574 -0.000050
49 7.743117 -28.972052 -0.037271 0.009937
50 14.983791 -25.967409 -0.033428 0.019246
51 21.203671 -21.194126 -0.027311 0.027241
52 25.978857 -14.978062 -0.019328 0.033384
53 28.983498 -7.739770 -0.010031 0.037249
54 40.011444 0.022270 -0.000028 0.033406
55 39.141163 8.338403 0.006919 0.032672
56 36.560890 16.290447 0.013563 0.030507
57 32.383568 23.528576 0.019614 0.027009
58 26.790020 29.741053 0.024807 0.022333
59 20.024794 34.652462 0.028918 0.016679
60 12.385474 38.049889 0.031764 0.010297
61 4.204502 39.784691 0.033219 0.003465
62 -4.160159 39.777061 0.033219 -0.003519
63 -12.342562 38.034630 0.031764 -0.010349
64 -19.986650 34.629570 0.028918 -0.016727
65 -26.755690 29.710533 0.024807 -0.022373
66 -32.356865 23.494242 0.019614 -0.027043
67 -36.541821 16.248482 0.013563 -0.030529
68 -39.133533 8.294530 0.006919 -0.032680
69 -40.011444 -0.022273 -0.000028 -0.033406
70 -39.141163 -8.338406 -0.006973 -0.032680
71 -36.560890 -16.290451 -0.013613 -0.030529
72 -32.383564 -23.528580 -0.019658 -0.027043
73 -26.790016 -29.741055 -0.024845 -0.022373
74 -20.024792 -34.652462 -0.028944 -0.016727
75 -12.385470 -38.049892 -0.031778 -0.010349
76 -4.204498 -39.784691 -0.033227 -0.003519
77 4.160163 -39.777061 -0.033227 0.003465
78 12.342566 -38.034630 -0.031778 0.010297
79 19.986654 -34.629570 -0.028944 0.016679
80 26.755692 -29.710529 -0.024845 0.022333
81 32.356869 -23.494240 -0.019658 0.027009
82 36.541821 -16.248480 -0.013613 0.030507
83 39.133533 -8.294526 -0.006973 0.032672
84 50.011444 0.019919 -0.000018 0.029879
85 49.251831 8.702435 0.005171 0.029422
86 46.999889 17.120081 0.010202 0.028072
87 43.320343 25.017166 0.014925 0.025867
88 38.321297 32.154640 0.019193 0.022878
89 32.162270 38.313667 0.022878 0.019193
90 25.022890 43.312714 0.025867 0.014925
91 17.123898 46.992260 0.028072 0.010202
92 8.703392 49.244202 0.029422 0.005171
93 0.019918 50.000000 0.029879 -0.000018
94 -8.664287 49.236572 0.029422 -0.005207
95 -17.085745 46.977001 0.028072 -0.010236
96 -24.988554 43.289829 0.025867 -0.014955
97 -32.131748 38.290779 0.022878 -0.019219
98 -38.298405 32.124123 0.019193 -0.022900
99 -43.301270 24.982838 0.014925 -0.025885
100 -46.988445 17.081938 0.010202 -0.028084
101 -49.248016 8.662386 0.005171 -0.029430
102 -50.011444 -0.019914 -0.000018 -0.029879
103 -49.251831 -8.702433 -0.005207 -0.029430
104 -46.999893 -17.120075 -0.010236 -0.028084
105 -43.320347 -25.017162 -0.014955 -0.025885
106 -38.321301 -32.154636 -0.019219 -0.022900
107 -32.162273 -38.313663 -0.022900 -0.019219
108 -25.022894 -43.312710 -0.025885 -0.014955
109 -17.123901 -46.992260 -0.028084 -0.010236
110 -8.703396 -49.244202 -0.029430 -0.005207
111 -0.019929 -50.000000 -0.029879 -0.000018
112 8.664282 -49.236576 -0.029430 0.005171
113 17.085741 -46.977005 -0.028084 0.010202
114 24.988550 -43.289829 -0.025885 0.014925
115 32.131744 -38.290783 -0.022900 0.019193
116 38.298401 -32.124126 -0.019219 0.022878
117 43.301266 -24.982841 -0.014955 0.025867
118 46.988441 -17.081942 -0.010236 0.028072
119 49.248016 -8.662391 -0.005207 0.029422
