-1 1121.992798 866.520935 204.394485 153.295868
0 1046.890381 616.339844 204.394485 153.362686
1 1045.614868 621.287476 204.427887 153.353729
2 1042.122681 624.880371 204.452148 153.329269
3 1036.956787 626.060486 204.461304 153.295868
4 1031.901489 624.642090 204.452347 153.262466
5 1028.215942 620.914917 204.427887 153.238007
6 1026.642090 615.851746 204.394485 153.229050
7 1027.925537 610.913574 204.361084 153.238007
8 1031.580688 607.321716 204.336624 153.262466
9 1036.588623 606.058838 204.327667 153.295868
10 1041.644287 607.557495 204.336624 153.329269
11 1045.495361 611.287720 204.361084 153.353729
12 1056.889648 616.241211 204.394485 153.343109
13 1055.694336 623.081116 204.410645 153.340256
14 1052.263672 629.075867 204.424850 153.332062
15 1046.943237 633.478760 204.435394 153.319489
16 1040.416748 635.779846 204.441010 153.304077
17 1033.429688 635.739136 204.441010 153.287659
18 1026.889648 633.351440 204.435394 153.272247
19 1021.556580 628.836975 204.424850 153.259674
20 1018.037964 622.775940 204.410645 153.251480
21 1016.654846 615.936035 204.394485 153.248627
22 1017.848450 609.094238 204.378326 153.251480
23 1021.277527 603.125610 204.364120 153.259674
24 1026.597290 598.713074 204.353577 153.272247
25 1033.126221 596.340881 204.347961 153.287659
26 1040.116821 596.381409 204.347961 153.304077
27 1046.656616 598.840088 204.353577 153.319489
28 1052.146362 603.360779 204.364120 153.332062
29 1055.672241 609.399475 204.378326 153.340256
30 1066.889648 616.230103 204.394485 153.334442
31 1065.867432 623.984680 204.404465 153.333130
32 1062.880981 631.220093 204.413773 153.329269
33 1058.113647 637.433289 204.421768 153.323151
34 1051.901123 642.124695 204.427887 153.315155
35 1044.666382 645.087341 204.431564 153.305847
36 1036.901245 646.064758 204.433060 153.295868
37 1029.126587 645.023499 204.431747 153.285889
38 1021.889648 642.009949 204.427887 153.276581
39 1015.674438 637.229065 204.421768 153.268585
40 1010.894043 630.980896 204.413773 153.262466
41 1007.852783 623.718445 204.404465 153.258606
42 1006.817627 615.952759 204.394485 153.257294
43 1007.676208 608.187012 204.384506 153.258606
44 1010.662415 600.981018 204.375198 153.262466
45 1015.427429 594.812195 204.367203 153.268585
46 1021.640137 590.056213 204.361084 153.276581
47 1028.876587 587.059265 204.357224 153.285889
48 1036.643066 586.060303 204.355911 153.295868
49 1044.420654 587.131653 204.357224 153.305847
50 1051.658203 590.174500 204.361084 153.315155
51 1058.039429 595.000854 204.367203 153.323151
52 1062.818115 601.215881 204.375198 153.329269
53 1065.857056 608.453430 204.384506 153.333130
54 1076.889648 616.220093 204.394485 153.329269
55 1076.015503 624.536560 204.401428 153.328537
56 1073.431519 632.489563 204.408066 153.326385
57 1069.250366 639.670471 204.414124 153.322891
58 1063.665405 645.884827 204.419312 153.318222
59 1056.900391 650.784790 204.423416 153.312576
60 1049.261475 654.153198 204.426254 153.305618
61 1041.071777 655.873474 204.427704 153.299362
62 1032.709839 655.831787 204.427704 153.292374
63 1024.529053 654.090637 204.426254 153.285538
64 1016.889648 650.667664 204.423416 153.279160
65 1010.122192 645.753845 204.419312 153.273514
66 1004.513611 639.526367 204.414124 153.268845
67 1000.290405 632.287109 204.408066 153.265350
68 997.703430 624.298401 204.401428 153.263199
69 996.816101 615.983154 204.394485 153.262466
70 997.532043 607.665527 204.387543 153.263199
71 1000.113098 599.755554 204.380905 153.265350
72 1004.283264 592.514160 204.374847 153.268845
73 1009.878113 586.306885 204.369659 153.273514
74 1016.642456 581.395996 204.365555 153.279160
75 1024.281006 577.994812 204.362717 153.285538
76 1032.462158 576.275024 204.361267 153.292374
77 1040.836548 576.287964 204.361267 153.299362
78 1049.018433 578.068481 204.362717 153.306198
79 1056.825806 581.517456 204.365555 153.312576
80 1063.592163 586.437500 204.369659 153.318222
81 1069.198486 592.654419 204.374847 153.322891
82 1073.421753 599.946045 204.380905 153.326385
83 1076.005981 607.901367 204.387543 153.328537
84 1086.889648 616.220093 204.394485 153.325745
85 1086.130005 624.902466 204.399673 153.325287
86 1083.874268 633.321106 204.404709 153.323944
87 1080.190918 641.158813 204.409424 153.321747
88 1075.191895 648.298401 204.413696 153.318756
89 1069.029053 654.445984 204.417374 153.315079
90 1061.889771 659.445068 204.420364 153.310806
91 1053.991211 663.096924 204.422012 153.305878
92 1045.572876 665.337158 204.423904 153.301056
93 1036.889648 666.067688 204.424362 153.295868
94 1028.207275 665.292725 204.423904 153.290680
95 1019.788635 663.035645 204.422562 153.285645
96 1011.887451 659.325317 204.420364 153.280930
97 1004.747803 654.327759 204.417374 153.276657
98 998.574219 648.166748 204.413696 153.272980
99 993.572144 641.014404 204.409424 153.269989
100 989.846558 633.118347 204.404709 153.267792
101 987.587708 624.702881 204.399673 153.266449
102 986.817322 616.023682 204.394485 153.265991
103 987.574158 607.342041 204.389297 153.266449
104 989.674377 598.924072 204.384262 153.267792
105 993.354614 591.025635 204.379547 153.269989
106 998.352905 583.893066 204.375275 153.272980
107 1004.514954 577.734680 204.371597 153.276657
108 1011.643066 572.735718 204.368607 153.280930
109 1019.541077 569.052795 204.366409 153.285645
110 1027.970459 566.817078 204.365067 153.290680
111 1036.654541 566.061707 204.364609 153.295868
112 1045.339478 566.841003 204.365067 153.301056
113 1053.759399 569.127502 204.366409 153.306091
114 1061.826538 572.860168 204.368607 153.310806
115 1068.967163 577.857605 204.371597 153.315079
116 1075.140503 584.024475 204.375275 153.318756
117 1080.140015 591.162292 204.379547 153.321747
118 1083.865356 599.114258 204.384262 153.323944
119 1086.121338 607.535339 204.389297 153.325287
